2
5
10
12
14
15
17
19
20
23
24
27
28
30
33
36
38
39
43
52
54
55
58
59
63
71
73
75
76
77
80
81
82
85
86
90
91
92
98
101
102
103
104
106
107
108
110
111
112
114
115
121
125
130
131
132
133
135
136
138
142
143
144
145
146
150
151
152
154
155
156
157
158
159
162
163
165
166
167
171
172
173
174
175
177
179
180
181
182
183
185
188
192
194
195
197
200
202
206
207
209
210
211
212
213
215
216
217
218
219
223
224
225
227
229
231
234
235
238
239
240
241
243
245
247
252
257
262
263
266
269
272
278
279
283
284
286
287
291
293
298
299
307
311
315
318
319
320
327
329
333
334
336
337
341
343
345
346
347
348
349
350
353
360
361
362
363
368
369
370
373
374
375
377
379
380
381
383
388
389
390
392
393
394
395
399
400
401
404
405
406
407
408
409
411
413
414
417
419
420
423
424
428
431
433
437
438
439
440
444
445
446
448
452
453
454
455
457
461
462
463
465
466
467
468
470
473
476
479
480
481
483
484
487
488
489
490
491
496
498
500
501
502
503
504
505
506
507
508
509
510
511
512
513
514
515
516
517
518
519
520
521
522
523
524
525
526
527
528
529
530
531
532
533
534
535
536
537
538
539
540
541
542
543
544
545
546
547
548
549
550
551
552
553
554
555
556
557
558
559
