1
2
10
13
21
26
27
33
34
35
37
38
41
42
44
45
46
47
48
52
54
61
63
67
73
78
80
83
85
87
92
93
94
97
101
105
113
116
120
124
125
127
130
154
155
175
188
198
199
214
215
217
222
223
224
226
233
234
238
246
255
265
272
278
282
283
288
290
291
296
302
303
305
307
308
310
311
313
314
321
325
326
330
331
333
346
347
351
352
353
355
356
357
366
372
374
378
379
381
382
385
386
388
392
397
398
400
401
403
410
412
414
417
420
424
433
437
442
446
447
450
456
457
464
465
466
467
469
470
471
472
473
474
479
480
485
489
495
497
499
502
505
510
513
515
516
518
519
523
526
527
528
531
533
534
535
537
538
541
545
550
551
555
557
561
562
568
570
572
573
574
578
579
590
595
597
598
600
617
619
628
631
633
634
637
644
646
648
649
652
653
654
660
681
683
696
697
698
699
700
701
702
705
706
707
708
709
728
731
735
736
742
743
754
756
776
777
779
780
795
800
801
806
807
808
809
810
815
816
817
818
819
820
823
837
839
841
843
847
848
852
854
856
858
862
869
870
872
875
876
